初期状態
matrixA
  2.0000   3.0000   1.0000   4.0000 
  4.0000   1.0000  -3.0000  -2.0000 
 -1.0000   2.0000   2.0000   1.0000 
  3.0000  -4.0000   4.0000   3.0000 
vectorB
 10.0000
  0.0000
  4.0000
  6.0000

LU分解後
matrixA
  2.0000   3.0000   1.0000   4.0000 
  2.0000  -5.0000  -5.0000 -10.0000 
 -0.5000  -0.7000  -1.0000  -4.0000 
  1.5000   1.7000 -11.0000 -30.0000 
matrixL
  1.0000   0.0000   0.0000   0.0000 
  2.0000   1.0000   0.0000   0.0000 
 -0.5000  -0.7000   1.0000   0.0000 
  1.5000   1.7000 -11.0000   1.0000 
matrixU
  2.0000   3.0000   1.0000   4.0000 
  0.0000  -5.0000  -5.0000 -10.0000 
  0.0000   0.0000  -1.0000  -4.0000 
  0.0000   0.0000   0.0000 -30.0000 

Ly = b の後
vectorY
 10.0000
-20.0000
 -5.0000
-30.0000

Ux = y の後
解
  1.0000
  1.0000
  1.0000
  1.0000
