初期状態
  2.0000   3.0000   1.0000   4.0000  |  10.0000
  4.0000   1.0000  -3.0000  -2.0000  |   0.0000
 -1.0000   2.0000   2.0000   1.0000  |   4.0000
  3.0000  -4.0000   4.0000   3.0000  |   6.0000

前進消去後
  2.0000   3.0000   1.0000   4.0000  |  10.0000
  0.0000  -5.0000  -5.0000 -10.0000  | -20.0000
  0.0000   0.0000  -1.0000  -4.0000  |  -5.0000
  0.0000   0.0000   0.0000 -30.0000  | -30.0000

後退消去後
  1.0000   0.0000   0.0000   0.0000  |   1.0000
  0.0000   1.0000   0.0000   0.0000  |   1.0000
  0.0000   0.0000   1.0000   0.0000  |   1.0000
  0.0000   0.0000   0.0000   1.0000  |   1.0000

解
  1.0000
  1.0000
  1.0000
  1.0000
